# relative_time, cycles_done, cur_item, corpus_count, pending_total, pending_favs, map_size, saved_crashes, saved_hangs, max_depth, execs_per_sec, total_execs, edges_found
61, 0, 3, 67, 67, 5, 22.12%, 15, 13, 2, 91.10, 4570, 69
66, 0, 3, 70, 70, 5, 22.12%, 16, 13, 2, 91.97, 5034, 69
71, 0, 3, 75, 75, 5, 22.12%, 17, 13, 2, 94.33, 5507, 69
76, 0, 3, 77, 77, 5, 22.44%, 17, 13, 2, 91.58, 5955, 70
81, 0, 3, 78, 78, 5, 22.44%, 17, 13, 2, 88.22, 6398, 70
86, 0, 3, 81, 81, 5, 22.44%, 17, 13, 2, 91.34, 6865, 70
91, 0, 3, 84, 84, 5, 22.44%, 19, 13, 2, 93.82, 7349, 70
96, 0, 3, 84, 84, 5, 22.44%, 19, 13, 2, 86.84, 7764, 70
101, 0, 3, 86, 86, 5, 22.44%, 19, 13, 2, 88.60, 8212, 70
106, 0, 3, 90, 90, 5, 22.44%, 19, 13, 2, 93.35, 8682, 70
111, 0, 3, 90, 90, 5, 22.44%, 19, 14, 2, 91.35, 9028, 70
116, 0, 3, 91, 91, 5, 22.44%, 19, 14, 2, 84.62, 9438, 70
121, 0, 3, 91, 91, 5, 22.44%, 19, 14, 2, 89.58, 9892, 70
126, 0, 3, 91, 91, 5, 22.44%, 19, 14, 2, 86.96, 10337, 70
131, 0, 3, 92, 92, 5, 22.44%, 19, 14, 2, 84.44, 10753, 70
136, 0, 3, 93, 93, 5, 22.44%, 19, 14, 2, 86.56, 11199, 70
141, 0, 3, 93, 93, 5, 22.44%, 19, 14, 2, 83.82, 11630, 70
147, 0, 3, 94, 94, 5, 22.44%, 19, 14, 2, 86.20, 12058, 70
152, 0, 3, 94, 94, 5, 22.44%, 19, 14, 2, 81.43, 12469, 70
157, 0, 3, 95, 95, 5, 22.44%, 19, 14, 2, 85.08, 12906, 70
162, 0, 3, 97, 97, 5, 22.44%, 19, 14, 2, 86.91, 13365, 70
167, 0, 14, 98, 97, 14, 22.44%, 19, 14, 2, 79.46, 13764, 70
172, 0, 69, 99, 97, 13, 22.44%, 20, 14, 3, 107.14, 14273, 70
177, 0, 35, 100, 96, 11, 22.44%, 21, 14, 3, 102.58, 14814, 70
182, 0, 24, 101, 95, 9, 22.44%, 21, 14, 3, 85.49, 15252, 70
187, 0, 38, 101, 94, 8, 22.44%, 21, 14, 3, 81.43, 15662, 70
192, 0, 31, 103, 95, 7, 22.44%, 21, 14, 3, 86.97, 16090, 70
197, 0, 72, 104, 94, 5, 22.44%, 21, 14, 3, 80.27, 16493, 70
202, 0, 4, 107, 95, 3, 22.44%, 21, 14, 3, 83.17, 16924, 70
207, 0, 13, 108, 95, 2, 22.44%, 21, 14, 3, 82.19, 17309, 70
212, 0, 87, 108, 94, 1, 22.44%, 21, 14, 3, 80.74, 17712, 70
217, 0, 4, 108, 93, 0, 22.44%, 21, 14, 3, 74.80, 18077, 70
222, 0, 4, 108, 93, 0, 22.44%, 21, 14, 3, 84.16, 18491, 70
227, 0, 4, 108, 93, 0, 22.44%, 22, 14, 3, 86.80, 18965, 70
232, 0, 38, 108, 93, 0, 22.44%, 22, 14, 3, 71.27, 19306, 70
237, 0, 69, 108, 93, 0, 22.44%, 22, 14, 3, 90.13, 19772, 70
242, 0, 69, 109, 94, 0, 22.44%, 22, 14, 3, 102.83, 20294, 70
247, 0, 69, 109, 94, 0, 22.44%, 22, 14, 3, 98.82, 20805, 70
253, 0, 14, 109, 94, 0, 22.44%, 22, 14, 3, 87.78, 21215, 70
258, 0, 14, 109, 94, 0, 22.44%, 22, 14, 3, 107.20, 21632, 70
263, 0, 72, 109, 94, 0, 22.44%, 22, 14, 3, 90.09, 22042, 70
268, 0, 72, 109, 94, 0, 22.44%, 22, 14, 3, 82.89, 22466, 70
273, 0, 72, 109, 94, 0, 22.44%, 22, 14, 3, 79.39, 22863, 70
278, 0, 69, 111, 96, 0, 22.44%, 22, 14, 3, 98.02, 23369, 70
283, 0, 69, 112, 97, 0, 22.44%, 22, 14, 3, 96.79, 23843, 70
288, 0, 69, 113, 98, 0, 22.44%, 22, 14, 3, 99.03, 24304, 70
293, 0, 24, 114, 99, 0, 22.44%, 22, 14, 3, 86.68, 24753, 70
298, 0, 24, 115, 100, 0, 22.44%, 22, 14, 3, 76.28, 25106, 70
303, 0, 24, 115, 100, 0, 22.44%, 22, 14, 3, 77.46, 25498, 70
308, 0, 24, 115, 100, 0, 22.44%, 22, 14, 3, 73.51, 25880, 70
313, 0, 4, 115, 100, 0, 22.44%, 22, 14, 3, 98.13, 26407, 70
318, 0, 4, 116, 101, 0, 22.44%, 22, 14, 3, 77.24, 26781, 70
323, 0, 4, 116, 101, 0, 22.44%, 22, 14, 3, 73.27, 27154, 70
328, 0, 87, 117, 102, 0, 22.44%, 22, 14, 3, 84.99, 27585, 70
333, 0, 64, 117, 102, 0, 22.44%, 22, 14, 3, 75.12, 27952, 70
338, 0, 64, 117, 102, 0, 22.44%, 22, 14, 3, 62.73, 28250, 70
343, 0, 64, 117, 102, 0, 22.44%, 22, 14, 3, 79.07, 28662, 70
348, 0, 64, 117, 102, 0, 22.44%, 22, 14, 3, 78.44, 29030, 70
353, 0, 35, 117, 102, 0, 22.44%, 22, 14, 3, 69.47, 29373, 70
358, 0, 35, 117, 102, 0, 22.44%, 22, 14, 3, 82.60, 29783, 70
363, 0, 69, 117, 102, 0, 22.44%, 22, 14, 3, 73.86, 30146, 70
369, 0, 69, 117, 102, 0, 22.44%, 22, 14, 3, 91.11, 30623, 70
374, 0, 87, 117, 102, 0, 22.44%, 22, 14, 3, 79.21, 31049, 70
379, 0, 38, 117, 102, 0, 22.44%, 22, 14, 3, 89.80, 31506, 70
384, 0, 38, 117, 102, 0, 22.44%, 22, 14, 3, 78.16, 31882, 70
387, 0, 38, 117, 102, 0, 22.44%, 22, 14, 3, 75.62, 32109, 70
