# relative_time, cycles_done, cur_item, corpus_count, pending_total, pending_favs, map_size, saved_crashes, saved_hangs, max_depth, execs_per_sec, total_execs, edges_found
61, 0, 2, 69, 69, 5, 44.79%, 1, 20, 2, 150.68, 5656, 142
66, 0, 2, 74, 74, 5, 45.11%, 1, 20, 2, 124.97, 6260, 143
72, 0, 2, 76, 76, 5, 45.11%, 1, 20, 2, 126.13, 6892, 143
77, 0, 2, 77, 77, 5, 45.11%, 2, 21, 2, 19.79, 7457, 143
82, 0, 2, 77, 77, 5, 45.11%, 2, 21, 2, 124.17, 8101, 143
87, 0, 2, 78, 78, 5, 45.11%, 2, 21, 2, 131.89, 8778, 143
92, 0, 2, 79, 79, 5, 45.11%, 2, 21, 2, 129.53, 9449, 143
98, 0, 2, 79, 79, 5, 45.11%, 2, 21, 2, 119.02, 10059, 143
103, 0, 2, 79, 79, 5, 45.11%, 2, 21, 2, 116.62, 10655, 143
108, 0, 2, 79, 79, 5, 45.11%, 2, 21, 2, 120.23, 11289, 143
113, 0, 2, 81, 81, 5, 45.11%, 2, 21, 2, 116.71, 11899, 143
118, 0, 2, 81, 81, 5, 45.11%, 3, 21, 2, 111.16, 12455, 143
123, 0, 2, 81, 81, 5, 45.11%, 3, 21, 2, 117.09, 13079, 143
128, 0, 60, 82, 81, 20, 45.11%, 3, 21, 2, 114.62, 13675, 143
133, 0, 60, 86, 85, 20, 46.06%, 3, 21, 3, 76.72, 14026, 146
138, 0, 60, 86, 85, 20, 46.06%, 3, 21, 3, 66.96, 14353, 146
143, 0, 60, 89, 88, 20, 46.06%, 3, 21, 3, 63.81, 14680, 146
148, 0, 60, 91, 90, 20, 46.06%, 3, 21, 3, 71.72, 15053, 146
153, 0, 60, 93, 92, 20, 46.06%, 3, 21, 3, 65.48, 15380, 146
158, 0, 60, 94, 93, 20, 46.06%, 3, 21, 3, 63.97, 15709, 146
164, 0, 60, 94, 93, 20, 46.06%, 3, 21, 3, 62.32, 16018, 146
169, 0, 60, 98, 97, 20, 46.37%, 3, 21, 3, 71.12, 16390, 147
174, 0, 60, 100, 99, 20, 46.37%, 4, 21, 3, 67.07, 16730, 147
179, 0, 60, 101, 100, 20, 46.37%, 4, 21, 3, 67.18, 17067, 147
184, 0, 60, 102, 101, 20, 46.37%, 5, 21, 3, 65.53, 17399, 147
189, 0, 60, 102, 101, 20, 46.37%, 5, 21, 3, 64.29, 17722, 147
194, 0, 60, 104, 103, 20, 46.37%, 5, 21, 3, 68.95, 18073, 147
199, 0, 60, 105, 104, 20, 46.37%, 5, 21, 3, 66.52, 18413, 147
204, 0, 60, 105, 104, 20, 46.37%, 5, 21, 3, 64.03, 18730, 147
209, 0, 60, 105, 104, 20, 46.37%, 5, 21, 3, 65.47, 19065, 147
214, 0, 60, 105, 104, 20, 46.37%, 6, 22, 3, 3.76, 19333, 147
219, 0, 60, 106, 105, 20, 46.69%, 6, 22, 3, 66.98, 19670, 148
224, 0, 60, 106, 105, 20, 46.69%, 6, 22, 3, 64.12, 19990, 148
229, 0, 60, 106, 105, 20, 46.69%, 6, 22, 3, 65.69, 20319, 148
234, 0, 60, 106, 105, 20, 46.69%, 6, 22, 3, 68.85, 20664, 148
239, 0, 60, 106, 105, 20, 46.69%, 6, 22, 3, 66.62, 20995, 148
244, 0, 60, 106, 105, 20, 46.69%, 6, 22, 3, 64.80, 21308, 148
249, 0, 60, 106, 105, 20, 46.69%, 6, 22, 3, 62.75, 21620, 148
254, 0, 60, 107, 106, 20, 46.69%, 6, 22, 3, 67.97, 21957, 148
259, 0, 60, 108, 107, 20, 46.69%, 6, 22, 3, 65.49, 22286, 148
264, 0, 60, 108, 107, 20, 46.69%, 7, 22, 3, 65.64, 22615, 148
269, 0, 60, 108, 107, 20, 46.69%, 7, 22, 3, 64.94, 22932, 148
274, 0, 60, 111, 110, 20, 46.69%, 7, 22, 3, 67.98, 23279, 148
279, 0, 60, 113, 112, 20, 46.69%, 7, 22, 3, 65.91, 23609, 148
285, 0, 60, 114, 113, 20, 46.69%, 7, 23, 3, 7.70, 23936, 148
290, 0, 60, 114, 113, 20, 46.69%, 7, 23, 3, 62.49, 24250, 148
295, 0, 60, 114, 113, 20, 46.69%, 7, 23, 3, 67.54, 24589, 148
300, 0, 60, 114, 113, 20, 46.69%, 7, 23, 3, 62.72, 24902, 148
305, 0, 60, 114, 113, 20, 46.69%, 7, 23, 3, 62.18, 25212, 148
310, 0, 60, 115, 114, 20, 46.69%, 7, 23, 3, 63.19, 25537, 148
315, 0, 60, 116, 115, 20, 46.69%, 7, 23, 3, 65.99, 25872, 148
320, 0, 60, 117, 116, 20, 46.69%, 7, 23, 3, 64.24, 26195, 148
325, 0, 60, 118, 117, 20, 46.69%, 8, 23, 3, 64.46, 26524, 148
331, 0, 105, 122, 120, 22, 46.69%, 8, 23, 3, 87.08, 26959, 148
336, 0, 31, 124, 119, 19, 46.69%, 10, 23, 3, 98.68, 27501, 148
341, 0, 72, 126, 119, 17, 46.69%, 10, 23, 3, 95.23, 28020, 148
346, 0, 72, 127, 120, 17, 46.69%, 10, 23, 3, 79.45, 28392, 148
351, 0, 68, 129, 120, 16, 47.00%, 11, 23, 3, 72.34, 28743, 149
356, 0, 57, 131, 121, 16, 47.32%, 12, 23, 3, 94.69, 29260, 150
359, 0, 57, 132, 122, 16, 47.63%, 12, 23, 3, 0.00, 29489, 151
