# relative_time, cycles_done, cur_item, corpus_count, pending_total, pending_favs, map_size, saved_crashes, saved_hangs, max_depth, execs_per_sec, total_execs, edges_found
61, 0, 5, 66, 66, 5, 42.59%, 2, 17, 2, 100.15, 4832, 135
66, 0, 5, 70, 70, 5, 42.59%, 2, 17, 2, 108.77, 5392, 135
71, 0, 5, 72, 72, 5, 42.59%, 2, 17, 2, 101.80, 5883, 135
77, 0, 5, 73, 73, 5, 42.59%, 2, 17, 2, 98.97, 6385, 135
82, 0, 5, 75, 75, 5, 42.59%, 2, 17, 2, 95.64, 6869, 135
87, 0, 5, 77, 77, 5, 42.90%, 2, 17, 2, 102.84, 7415, 136
92, 0, 5, 78, 78, 5, 42.90%, 3, 17, 2, 98.74, 7903, 136
97, 0, 5, 80, 80, 5, 42.90%, 4, 17, 2, 103.09, 8424, 136
102, 0, 5, 81, 81, 5, 42.90%, 5, 17, 2, 94.39, 8897, 136
107, 0, 5, 83, 83, 5, 42.90%, 5, 17, 2, 103.92, 9420, 136
112, 0, 5, 85, 85, 5, 42.90%, 5, 17, 2, 103.85, 9950, 136
117, 0, 5, 86, 86, 5, 42.90%, 5, 17, 2, 99.51, 10457, 136
122, 0, 5, 88, 88, 5, 43.22%, 5, 17, 2, 97.84, 10972, 137
127, 0, 5, 89, 89, 5, 43.85%, 5, 17, 2, 93.40, 11451, 139
132, 0, 5, 90, 90, 5, 43.85%, 5, 17, 2, 95.53, 11957, 139
138, 0, 5, 91, 91, 5, 43.85%, 5, 17, 2, 104.07, 12494, 139
143, 0, 5, 91, 91, 5, 43.85%, 5, 17, 2, 103.15, 13032, 139
148, 0, 5, 93, 93, 5, 43.85%, 5, 17, 2, 106.42, 13596, 139
153, 0, 86, 99, 97, 21, 43.85%, 5, 17, 3, 88.94, 14046, 139
159, 0, 86, 100, 98, 21, 44.16%, 6, 18, 3, 3.76, 14367, 140
164, 0, 86, 100, 98, 21, 44.16%, 6, 18, 3, 73.92, 14743, 140
164, 0, 86, 100, 98, 21, 44.16%, 6, 18, 3, 70.11, 14767, 140
