# relative_time, cycles_done, cur_item, corpus_count, pending_total, pending_favs, map_size, saved_crashes, saved_hangs, max_depth, execs_per_sec, total_execs, edges_found
61, 0, 3, 51, 51, 6, 0.14%, 0, 7, 2, 39.93, 2390, 90
66, 0, 3, 51, 51, 6, 0.14%, 0, 7, 2, 38.22, 2589, 90
72, 0, 3, 52, 52, 6, 0.14%, 0, 7, 2, 41.67, 2813, 90
77, 0, 3, 54, 54, 6, 0.14%, 0, 7, 2, 43.20, 3035, 90
82, 0, 3, 54, 54, 6, 0.14%, 0, 8, 2, 45.68, 3211, 90
87, 0, 3, 57, 57, 6, 0.14%, 0, 8, 2, 44.51, 3432, 90
92, 0, 3, 58, 58, 6, 0.14%, 0, 8, 2, 41.31, 3639, 90
97, 0, 3, 59, 59, 6, 0.14%, 0, 8, 2, 41.62, 3842, 90
102, 0, 3, 59, 59, 6, 0.14%, 0, 8, 2, 38.05, 4030, 90
107, 0, 3, 59, 59, 6, 0.14%, 0, 8, 2, 40.27, 4238, 90
112, 0, 3, 59, 59, 6, 0.14%, 0, 8, 2, 39.14, 4442, 90
118, 0, 3, 59, 59, 6, 0.14%, 0, 8, 2, 42.74, 4666, 90
123, 0, 3, 60, 60, 6, 0.14%, 0, 8, 2, 42.12, 4877, 90
128, 0, 3, 60, 60, 6, 0.14%, 0, 8, 2, 38.94, 5083, 90
133, 0, 3, 60, 60, 6, 0.14%, 0, 8, 2, 40.81, 5297, 90
138, 0, 3, 61, 61, 6, 0.14%, 0, 8, 2, 40.55, 5510, 90
143, 0, 3, 61, 61, 6, 0.14%, 0, 8, 2, 40.98, 5722, 90
148, 0, 3, 61, 61, 6, 0.14%, 0, 8, 2, 40.94, 5927, 90
154, 0, 3, 62, 62, 6, 0.14%, 0, 8, 2, 39.64, 6126, 90
159, 0, 3, 62, 62, 6, 0.14%, 0, 8, 2, 36.82, 6308, 90
164, 0, 3, 64, 64, 6, 0.14%, 0, 8, 2, 39.67, 6521, 90
169, 0, 3, 64, 64, 6, 0.14%, 0, 8, 2, 39.67, 6726, 90
174, 0, 3, 65, 65, 6, 0.14%, 0, 9, 2, 62.20, 6881, 90
179, 0, 3, 65, 65, 6, 0.14%, 0, 10, 2, 41.87, 7012, 90
184, 0, 43, 66, 65, 11, 0.14%, 0, 11, 3, 28.46, 7146, 90
189, 0, 43, 70, 69, 11, 0.14%, 0, 11, 3, 30.00, 7311, 90
194, 0, 43, 70, 69, 11, 0.14%, 0, 11, 3, 28.56, 7452, 90
200, 0, 43, 72, 71, 11, 0.14%, 0, 11, 3, 31.66, 7619, 90
205, 0, 43, 73, 72, 11, 0.14%, 0, 11, 3, 30.33, 7769, 90
210, 0, 43, 74, 73, 11, 0.14%, 0, 11, 3, 29.40, 7919, 90
215, 0, 43, 75, 74, 11, 0.14%, 0, 11, 3, 28.04, 8069, 90
220, 0, 43, 77, 76, 11, 0.14%, 0, 11, 3, 28.48, 8220, 90
225, 0, 43, 78, 77, 11, 0.14%, 0, 11, 3, 30.74, 8384, 90
230, 0, 43, 79, 78, 11, 0.14%, 0, 11, 3, 29.68, 8537, 90
235, 0, 43, 79, 78, 11, 0.14%, 0, 11, 3, 28.32, 8679, 90
240, 0, 43, 79, 78, 11, 0.14%, 0, 11, 3, 29.26, 8828, 90
246, 0, 43, 79, 78, 11, 0.14%, 0, 11, 3, 29.11, 8972, 90
251, 0, 43, 79, 78, 11, 0.14%, 0, 11, 3, 29.40, 9120, 90
256, 0, 43, 80, 79, 11, 0.14%, 0, 11, 3, 29.13, 9272, 90
261, 0, 43, 80, 79, 11, 0.14%, 0, 11, 3, 30.57, 9431, 90
266, 0, 43, 81, 80, 11, 0.14%, 0, 11, 3, 28.25, 9575, 90
271, 0, 43, 81, 80, 11, 0.14%, 0, 11, 3, 29.10, 9723, 90
276, 0, 43, 81, 80, 11, 0.14%, 0, 11, 3, 28.71, 9871, 90
281, 0, 43, 81, 80, 11, 0.14%, 0, 11, 3, 27.96, 10010, 90
286, 0, 43, 81, 80, 11, 0.14%, 0, 11, 3, 28.98, 10161, 90
291, 0, 43, 81, 80, 11, 0.14%, 0, 11, 3, 28.69, 10304, 90
296, 0, 43, 81, 80, 11, 0.14%, 0, 11, 3, 28.10, 10450, 90
302, 0, 43, 81, 80, 11, 0.14%, 0, 11, 3, 28.39, 10595, 90
307, 0, 43, 81, 80, 11, 0.14%, 0, 11, 3, 29.22, 10747, 90
312, 0, 43, 81, 80, 11, 0.14%, 0, 11, 3, 28.29, 10892, 90
317, 0, 43, 81, 80, 11, 0.14%, 0, 11, 3, 28.34, 11033, 90
322, 0, 43, 81, 80, 11, 0.14%, 0, 11, 3, 27.46, 11171, 90
327, 0, 43, 81, 80, 11, 0.14%, 0, 11, 3, 27.90, 11313, 90
332, 0, 43, 81, 80, 11, 0.14%, 0, 11, 3, 30.12, 11467, 90
337, 0, 43, 81, 80, 11, 0.14%, 0, 11, 3, 29.24, 11612, 90
342, 0, 43, 81, 80, 11, 0.14%, 0, 11, 3, 29.51, 11764, 90
347, 0, 43, 81, 80, 11, 0.14%, 0, 11, 3, 28.42, 11905, 90
352, 0, 43, 83, 82, 11, 0.14%, 0, 11, 3, 30.13, 12061, 91
357, 0, 43, 83, 82, 11, 0.14%, 0, 11, 3, 28.88, 12206, 91
363, 0, 43, 83, 82, 11, 0.14%, 0, 11, 3, 28.79, 12357, 91
368, 0, 43, 83, 82, 11, 0.14%, 0, 11, 3, 28.69, 12503, 91
373, 0, 43, 83, 82, 11, 0.14%, 0, 11, 3, 27.22, 12640, 91
378, 0, 43, 83, 82, 11, 0.14%, 0, 11, 3, 28.54, 12788, 91
383, 0, 43, 83, 82, 11, 0.14%, 0, 11, 3, 29.86, 12943, 91
388, 0, 43, 83, 82, 11, 0.14%, 0, 11, 3, 29.10, 13095, 91
393, 0, 43, 83, 82, 11, 0.14%, 0, 11, 3, 29.26, 13245, 91
398, 0, 43, 84, 83, 11, 0.14%, 0, 11, 3, 30.11, 13400, 91
403, 0, 43, 84, 83, 11, 0.14%, 0, 11, 3, 29.46, 13547, 91
408, 0, 43, 88, 87, 11, 0.14%, 0, 11, 3, 33.76, 13722, 91
413, 0, 43, 91, 90, 11, 0.14%, 0, 11, 3, 35.73, 13901, 91
418, 0, 43, 91, 90, 11, 0.14%, 0, 11, 3, 35.55, 14080, 91
424, 0, 43, 91, 90, 11, 0.14%, 0, 11, 3, 32.62, 14246, 91
429, 0, 43, 91, 90, 11, 0.14%, 0, 11, 3, 30.45, 14402, 91
434, 0, 43, 91, 90, 11, 0.14%, 0, 11, 3, 31.08, 14562, 91
439, 0, 43, 91, 90, 11, 0.14%, 0, 11, 3, 30.08, 14715, 91
444, 0, 43, 91, 90, 11, 0.14%, 0, 11, 3, 32.92, 14881, 91
449, 0, 43, 91, 90, 11, 0.14%, 0, 11, 3, 32.02, 15042, 91
454, 0, 43, 91, 90, 11, 0.14%, 0, 11, 3, 34.84, 15222, 91
459, 0, 74, 92, 90, 11, 0.14%, 0, 11, 3, 35.56, 15399, 91
464, 0, 2, 92, 89, 10, 0.14%, 0, 11, 3, 42.06, 15603, 91
470, 0, 16, 92, 88, 9, 0.14%, 0, 11, 3, 41.52, 15833, 91
475, 0, 16, 92, 88, 9, 0.14%, 0, 11, 3, 35.59, 15998, 91
480, 0, 4, 92, 87, 8, 0.14%, 0, 11, 3, 34.87, 16169, 91
485, 0, 31, 92, 86, 7, 0.14%, 0, 11, 3, 38.79, 16367, 91
490, 0, 33, 93, 86, 6, 0.14%, 0, 11, 3, 40.08, 16575, 91
495, 0, 46, 93, 84, 4, 0.14%, 0, 11, 3, 36.56, 16768, 91
500, 0, 46, 94, 85, 4, 0.14%, 0, 11, 3, 36.54, 16953, 91
505, 0, 18, 95, 85, 3, 0.14%, 0, 11, 3, 37.38, 17145, 91
510, 0, 1, 96, 84, 1, 0.14%, 0, 11, 3, 44.79, 17355, 91
515, 0, 2, 97, 84, 0, 0.14%, 0, 11, 3, 45.47, 17605, 91
520, 0, 2, 97, 84, 0, 0.14%, 0, 11, 3, 41.76, 17807, 91
526, 0, 2, 97, 84, 0, 0.14%, 0, 11, 3, 49.64, 18085, 91
531, 0, 31, 97, 84, 0, 0.14%, 0, 11, 3, 39.86, 18277, 91
536, 0, 31, 97, 84, 0, 0.14%, 0, 11, 3, 36.39, 18448, 91
541, 0, 31, 97, 84, 0, 0.14%, 0, 11, 3, 34.35, 18632, 91
546, 0, 33, 97, 84, 0, 0.14%, 0, 11, 3, 35.04, 18820, 91
551, 0, 33, 97, 84, 0, 0.14%, 0, 11, 3, 35.00, 19000, 91
556, 0, 4, 97, 84, 0, 0.14%, 0, 11, 3, 36.03, 19187, 91
561, 0, 4, 97, 84, 0, 0.14%, 0, 11, 3, 33.30, 19355, 91
567, 0, 4, 97, 84, 0, 0.14%, 0, 11, 3, 38.41, 19560, 91
572, 0, 4, 98, 85, 0, 0.14%, 0, 11, 3, 35.57, 19744, 91
577, 0, 1, 98, 85, 0, 0.14%, 0, 11, 3, 45.12, 19972, 91
582, 0, 1, 98, 85, 0, 0.14%, 0, 11, 3, 49.23, 20247, 91
587, 0, 1, 98, 85, 0, 0.14%, 0, 11, 3, 48.10, 20488, 91
592, 0, 4, 98, 85, 0, 0.14%, 0, 11, 3, 40.48, 20682, 91
597, 0, 4, 98, 85, 0, 0.14%, 0, 11, 3, 36.16, 20860, 91
603, 0, 4, 98, 85, 0, 0.14%, 0, 11, 3, 45.02, 21078, 91
608, 0, 18, 98, 85, 0, 0.14%, 0, 11, 3, 37.45, 21251, 91
613, 0, 18, 98, 85, 0, 0.14%, 0, 11, 3, 35.68, 21438, 91
618, 0, 46, 98, 85, 0, 0.14%, 0, 11, 3, 41.64, 21653, 91
623, 0, 46, 98, 85, 0, 0.14%, 0, 11, 3, 37.66, 21837, 91
628, 0, 74, 98, 85, 0, 0.14%, 0, 11, 3, 41.49, 22045, 91
633, 0, 74, 98, 85, 0, 0.14%, 0, 11, 3, 38.66, 22256, 91
638, 0, 74, 98, 85, 0, 0.14%, 0, 11, 3, 41.46, 22465, 91
644, 0, 33, 98, 85, 0, 0.14%, 0, 11, 3, 33.77, 22629, 91
649, 0, 33, 98, 85, 0, 0.14%, 0, 11, 3, 35.21, 22800, 91
654, 0, 4, 98, 85, 0, 0.14%, 0, 11, 3, 42.11, 23007, 91
659, 0, 4, 98, 85, 0, 0.14%, 0, 11, 3, 40.50, 23228, 91
664, 0, 4, 98, 85, 0, 0.14%, 0, 11, 3, 37.85, 23412, 91
669, 0, 4, 98, 85, 0, 0.14%, 0, 11, 3, 33.78, 23582, 91
674, 0, 16, 98, 85, 0, 0.14%, 0, 11, 3, 29.79, 23734, 91
679, 0, 16, 98, 85, 0, 0.14%, 0, 11, 3, 28.97, 23878, 91
684, 0, 16, 98, 85, 0, 0.14%, 0, 11, 3, 37.41, 24068, 91
689, 0, 2, 98, 85, 0, 0.14%, 0, 11, 3, 49.13, 24325, 91
694, 0, 2, 98, 85, 0, 0.14%, 0, 11, 3, 45.17, 24558, 91
699, 0, 2, 98, 85, 0, 0.14%, 0, 11, 3, 53.52, 24824, 91
704, 0, 2, 98, 85, 0, 0.14%, 0, 11, 3, 46.32, 25089, 91
710, 0, 2, 98, 85, 0, 0.14%, 0, 11, 3, 38.51, 25268, 91
715, 0, 46, 98, 85, 0, 0.14%, 0, 11, 3, 37.24, 25463, 91
720, 0, 46, 98, 85, 0, 0.14%, 0, 11, 3, 41.71, 25669, 91
725, 0, 46, 98, 85, 0, 0.14%, 0, 11, 3, 37.45, 25862, 91
730, 0, 31, 98, 85, 0, 0.14%, 0, 11, 3, 39.65, 26051, 91
735, 0, 33, 98, 85, 0, 0.14%, 0, 11, 3, 34.67, 26227, 91
740, 0, 33, 98, 85, 0, 0.14%, 0, 11, 3, 33.19, 26398, 91
745, 0, 2, 98, 85, 0, 0.14%, 0, 11, 3, 40.59, 26606, 91
750, 0, 2, 98, 85, 0, 0.14%, 0, 11, 3, 50.15, 26897, 91
756, 0, 2, 98, 85, 0, 0.14%, 0, 11, 3, 45.23, 27122, 91
761, 0, 74, 98, 85, 0, 0.14%, 0, 11, 3, 36.95, 27319, 91
766, 0, 74, 98, 85, 0, 0.14%, 0, 11, 3, 33.54, 27486, 91
771, 0, 74, 98, 85, 0, 0.14%, 0, 11, 3, 33.50, 27664, 91
776, 0, 31, 99, 86, 0, 0.14%, 0, 11, 3, 38.51, 27863, 91
781, 0, 46, 99, 86, 0, 0.14%, 0, 11, 3, 35.11, 28033, 91
786, 0, 46, 99, 86, 0, 0.14%, 0, 11, 3, 35.40, 28209, 91
791, 0, 4, 99, 86, 0, 0.14%, 0, 11, 3, 36.95, 28399, 91
796, 0, 4, 99, 86, 0, 0.14%, 0, 11, 3, 37.14, 28591, 91
802, 0, 4, 99, 86, 0, 0.14%, 0, 11, 3, 32.24, 28752, 91
807, 0, 4, 99, 86, 0, 0.14%, 0, 11, 3, 32.12, 28918, 91
812, 0, 74, 99, 86, 0, 0.14%, 0, 11, 3, 38.92, 29120, 91
817, 0, 74, 99, 86, 0, 0.14%, 0, 11, 3, 38.19, 29320, 91
822, 0, 46, 99, 86, 0, 0.14%, 0, 11, 3, 36.09, 29497, 91
827, 0, 1, 99, 86, 0, 0.14%, 0, 11, 3, 37.25, 29683, 91
832, 0, 1, 99, 86, 0, 0.14%, 0, 11, 3, 45.92, 29923, 91
837, 0, 1, 99, 86, 0, 0.14%, 0, 11, 3, 41.67, 30119, 91
842, 0, 74, 99, 86, 0, 0.14%, 0, 11, 3, 41.50, 30316, 91
848, 0, 74, 99, 86, 0, 0.14%, 0, 11, 3, 39.95, 30526, 91
853, 0, 2, 99, 86, 0, 0.14%, 0, 11, 3, 38.61, 30713, 91
858, 0, 2, 99, 86, 0, 0.14%, 0, 11, 3, 35.51, 30893, 91
863, 0, 2, 99, 86, 0, 0.14%, 0, 11, 3, 49.16, 31172, 91
868, 0, 4, 99, 86, 0, 0.14%, 0, 11, 3, 36.13, 31351, 91
873, 0, 4, 99, 86, 0, 0.14%, 0, 11, 3, 31.43, 31502, 91
878, 0, 4, 99, 86, 0, 0.14%, 0, 11, 3, 31.63, 31665, 91
884, 0, 4, 99, 86, 0, 0.14%, 0, 11, 3, 36.58, 31859, 91
889, 0, 4, 99, 86, 0, 0.14%, 0, 11, 3, 35.87, 32040, 91
894, 0, 4, 99, 86, 0, 0.14%, 0, 11, 3, 40.20, 32243, 91
899, 0, 4, 99, 86, 0, 0.14%, 0, 11, 3, 38.60, 32449, 91
904, 0, 30, 99, 86, 0, 0.14%, 0, 11, 3, 35.81, 32634, 91
909, 0, 30, 99, 86, 0, 0.14%, 0, 11, 3, 34.96, 32808, 91
914, 0, 74, 99, 85, 0, 0.14%, 0, 11, 3, 34.58, 32992, 91
919, 0, 2, 99, 85, 0, 0.14%, 0, 11, 3, 40.35, 33209, 91
924, 0, 2, 99, 85, 0, 0.14%, 0, 11, 3, 42.82, 33423, 91
929, 0, 2, 99, 85, 0, 0.14%, 0, 11, 3, 46.52, 33653, 91
934, 0, 16, 99, 85, 0, 0.14%, 0, 11, 3, 34.73, 33815, 91
940, 0, 16, 99, 85, 0, 0.14%, 0, 11, 3, 34.95, 33984, 91
945, 0, 16, 99, 85, 0, 0.14%, 0, 11, 3, 38.44, 34190, 91
950, 0, 18, 99, 85, 0, 0.14%, 0, 11, 3, 33.95, 34356, 91
955, 0, 18, 99, 85, 0, 0.14%, 0, 11, 3, 33.75, 34530, 91
960, 0, 33, 99, 85, 0, 0.14%, 0, 11, 3, 36.70, 34722, 91
965, 0, 2, 99, 85, 0, 0.14%, 0, 11, 3, 37.33, 34905, 91
970, 0, 2, 99, 85, 0, 0.14%, 0, 11, 3, 46.29, 35128, 91
975, 0, 2, 99, 85, 0, 0.14%, 0, 11, 3, 37.41, 35302, 91
981, 0, 33, 99, 85, 0, 0.14%, 0, 11, 3, 37.28, 35491, 91
986, 0, 33, 99, 85, 0, 0.14%, 0, 11, 3, 38.14, 35689, 91
991, 0, 33, 99, 85, 0, 0.14%, 0, 11, 3, 35.70, 35870, 91
996, 0, 33, 99, 85, 0, 0.14%, 0, 11, 3, 36.46, 36061, 91
1001, 0, 4, 99, 85, 0, 0.14%, 0, 11, 3, 37.54, 36252, 91
1006, 0, 4, 99, 85, 0, 0.14%, 0, 11, 3, 42.19, 36482, 91
1011, 0, 4, 99, 85, 0, 0.14%, 0, 11, 3, 36.13, 36663, 91
1017, 0, 4, 100, 86, 0, 0.14%, 0, 11, 3, 40.38, 36864, 91
1022, 0, 4, 100, 86, 0, 0.14%, 0, 11, 3, 34.70, 37038, 91
1027, 0, 4, 100, 86, 0, 0.14%, 0, 11, 3, 36.50, 37216, 91
1032, 0, 4, 100, 86, 0, 0.14%, 0, 11, 3, 36.05, 37403, 91
1037, 0, 85, 100, 86, 0, 0.14%, 0, 11, 3, 40.55, 37598, 91
1042, 0, 85, 100, 86, 0, 0.14%, 0, 11, 3, 34.84, 37778, 91
1047, 0, 46, 100, 85, 0, 0.14%, 0, 11, 3, 30.61, 37939, 91
1052, 0, 46, 100, 85, 0, 0.14%, 0, 11, 3, 32.37, 38101, 91
1058, 0, 2, 100, 85, 0, 0.14%, 0, 11, 3, 56.43, 38391, 91
1063, 0, 2, 100, 85, 0, 0.14%, 0, 11, 3, 55.42, 38691, 91
1068, 0, 46, 100, 85, 0, 0.14%, 0, 11, 3, 44.60, 38930, 91
1073, 0, 46, 100, 85, 0, 0.14%, 0, 11, 3, 36.70, 39108, 91
1078, 0, 89, 100, 85, 0, 0.14%, 0, 11, 3, 45.24, 39359, 91
1083, 0, 46, 100, 84, 0, 0.14%, 0, 11, 3, 38.00, 39540, 91
1088, 0, 46, 100, 84, 0, 0.14%, 0, 11, 3, 37.72, 39732, 91
1094, 0, 74, 100, 84, 0, 0.14%, 0, 11, 3, 42.52, 39969, 91
1099, 0, 4, 100, 84, 0, 0.14%, 0, 11, 3, 42.30, 40192, 91
1104, 0, 4, 100, 84, 0, 0.14%, 0, 11, 3, 37.47, 40382, 91
1109, 0, 4, 100, 84, 0, 0.14%, 0, 11, 3, 36.76, 40559, 91
1114, 0, 46, 100, 84, 0, 0.14%, 0, 11, 3, 33.75, 40727, 91
1119, 0, 46, 100, 84, 0, 0.14%, 0, 11, 3, 35.17, 40891, 91
1124, 0, 2, 100, 84, 0, 0.14%, 0, 11, 3, 42.59, 41096, 91
1129, 0, 2, 100, 84, 0, 0.14%, 0, 11, 3, 54.07, 41388, 91
1134, 0, 2, 100, 84, 0, 0.14%, 0, 11, 3, 48.45, 41619, 91
1140, 0, 2, 100, 84, 0, 0.14%, 0, 11, 3, 45.50, 41848, 91
1145, 0, 2, 100, 84, 0, 0.14%, 0, 11, 3, 46.74, 42087, 91
1150, 0, 1, 100, 84, 0, 0.14%, 0, 11, 3, 42.58, 42284, 91
1155, 0, 1, 100, 84, 0, 0.14%, 0, 11, 3, 42.56, 42502, 91
1160, 0, 1, 100, 84, 0, 0.14%, 0, 11, 3, 49.16, 42750, 91
1165, 0, 33, 100, 84, 0, 0.14%, 0, 11, 3, 44.60, 42977, 91
1170, 0, 9, 100, 84, 0, 0.14%, 0, 11, 3, 36.96, 43160, 91
1175, 0, 2, 100, 84, 0, 0.14%, 0, 11, 3, 38.36, 43348, 91
1180, 0, 2, 100, 84, 0, 0.14%, 0, 11, 3, 35.93, 43522, 91
1185, 0, 2, 100, 84, 0, 0.14%, 0, 11, 3, 42.47, 43726, 91
1191, 0, 2, 100, 84, 0, 0.14%, 0, 11, 3, 41.10, 43947, 91
1196, 0, 2, 100, 84, 0, 0.14%, 0, 11, 3, 43.16, 44157, 91
1201, 0, 2, 100, 84, 0, 0.14%, 0, 11, 3, 45.91, 44389, 91
1206, 0, 46, 100, 84, 0, 0.14%, 0, 11, 3, 37.60, 44565, 91
1211, 0, 46, 100, 84, 0, 0.14%, 0, 11, 3, 34.04, 44741, 91
1216, 0, 30, 100, 84, 0, 0.14%, 0, 11, 3, 31.36, 44896, 91
1221, 0, 30, 100, 84, 0, 0.14%, 0, 11, 3, 33.80, 45068, 91
1226, 0, 2, 101, 85, 0, 0.14%, 0, 11, 3, 51.84, 45356, 91
1231, 0, 2, 101, 85, 0, 0.14%, 0, 11, 3, 52.55, 45606, 91
1237, 0, 16, 101, 85, 0, 0.14%, 0, 11, 3, 38.62, 45806, 91
1242, 0, 16, 101, 85, 0, 0.14%, 0, 11, 3, 33.63, 45962, 91
1247, 0, 16, 101, 85, 0, 0.14%, 0, 11, 3, 35.44, 46143, 91
1252, 0, 46, 101, 85, 0, 0.14%, 0, 11, 3, 31.50, 46301, 91
1257, 0, 46, 101, 85, 0, 0.14%, 0, 11, 3, 36.06, 46489, 91
1262, 0, 46, 101, 85, 0, 0.14%, 0, 11, 3, 36.96, 46686, 91
1267, 0, 2, 101, 85, 0, 0.14%, 0, 11, 3, 37.31, 46871, 91
1272, 0, 2, 101, 85, 0, 0.14%, 0, 11, 3, 32.95, 47044, 91
1277, 0, 2, 103, 87, 0, 0.14%, 0, 11, 3, 36.06, 47230, 91
1282, 0, 2, 103, 87, 0, 0.14%, 0, 11, 3, 40.44, 47461, 91
1288, 0, 46, 103, 87, 0, 0.14%, 0, 11, 3, 35.83, 47634, 91
1293, 0, 4, 103, 87, 0, 0.14%, 0, 11, 3, 35.30, 47814, 91
1298, 0, 4, 103, 87, 0, 0.14%, 0, 11, 3, 40.14, 48027, 91
1303, 0, 4, 103, 87, 0, 0.14%, 0, 11, 3, 38.38, 48221, 91
1308, 0, 2, 103, 87, 0, 0.14%, 0, 11, 3, 40.48, 48418, 91
1313, 0, 2, 103, 87, 0, 0.14%, 0, 11, 3, 38.87, 48629, 91
1318, 0, 2, 103, 87, 0, 0.14%, 0, 11, 3, 41.22, 48842, 91
1324, 0, 16, 103, 87, 0, 0.14%, 0, 11, 3, 36.57, 49024, 91
1329, 0, 16, 103, 87, 0, 0.14%, 0, 11, 3, 33.76, 49200, 91
1334, 0, 16, 104, 88, 0, 0.14%, 0, 11, 3, 39.35, 49403, 91
1339, 0, 74, 104, 88, 0, 0.14%, 0, 11, 3, 40.82, 49598, 91
1344, 0, 2, 104, 88, 0, 0.14%, 0, 11, 3, 41.86, 49797, 91
1349, 0, 2, 104, 88, 0, 0.14%, 0, 11, 3, 48.33, 50075, 91
1354, 0, 2, 104, 88, 0, 0.14%, 0, 11, 3, 52.13, 50322, 91
1359, 0, 74, 104, 88, 0, 0.14%, 0, 11, 3, 38.84, 50495, 91
1364, 0, 4, 104, 88, 0, 0.14%, 0, 11, 3, 37.01, 50679, 91
1370, 0, 4, 104, 88, 0, 0.14%, 0, 11, 3, 35.88, 50864, 91
1375, 0, 4, 104, 88, 0, 0.14%, 0, 11, 3, 32.17, 51035, 91
1380, 0, 4, 104, 88, 0, 0.14%, 0, 11, 3, 34.90, 51218, 91
1385, 0, 1, 104, 88, 0, 0.14%, 0, 11, 3, 34.04, 51391, 91
1390, 0, 1, 104, 88, 0, 0.14%, 0, 11, 3, 35.96, 51571, 91
1395, 0, 1, 104, 88, 0, 0.14%, 0, 11, 3, 36.61, 51761, 91
1400, 0, 4, 104, 88, 0, 0.14%, 0, 11, 3, 42.68, 52005, 91
1405, 0, 4, 104, 88, 0, 0.14%, 0, 11, 3, 41.14, 52216, 91
1410, 0, 4, 104, 88, 0, 0.14%, 0, 11, 3, 36.48, 52397, 91
1416, 0, 4, 104, 88, 0, 0.14%, 0, 11, 3, 35.45, 52568, 91
1421, 0, 18, 104, 88, 0, 0.14%, 0, 11, 3, 36.48, 52759, 91
1426, 0, 18, 105, 89, 0, 0.14%, 0, 11, 3, 37.60, 52953, 91
1431, 0, 74, 105, 89, 0, 0.14%, 0, 11, 3, 39.61, 53168, 91
1436, 0, 4, 105, 89, 0, 0.14%, 0, 11, 3, 33.54, 53342, 91
1441, 0, 4, 105, 89, 0, 0.14%, 0, 11, 3, 30.96, 53501, 91
1446, 0, 4, 105, 89, 0, 0.14%, 0, 11, 3, 34.13, 53677, 91
1452, 0, 4, 105, 89, 0, 0.14%, 0, 11, 3, 36.17, 53882, 91
1457, 0, 2, 105, 89, 0, 0.14%, 0, 11, 3, 53.76, 54187, 91
1462, 0, 2, 105, 89, 0, 0.14%, 0, 11, 3, 47.55, 54430, 91
1467, 0, 46, 105, 89, 0, 0.14%, 0, 11, 3, 40.16, 54635, 91
1472, 0, 33, 105, 89, 0, 0.14%, 0, 11, 3, 40.67, 54847, 91
1477, 0, 33, 105, 89, 0, 0.14%, 0, 11, 3, 37.09, 55038, 91
1482, 0, 33, 105, 89, 0, 0.14%, 0, 11, 3, 35.77, 55205, 91
1488, 0, 43, 105, 89, 0, 0.14%, 0, 11, 3, 37.85, 55396, 91
1493, 0, 1, 105, 89, 0, 0.14%, 0, 11, 3, 53.61, 55687, 91
1498, 0, 1, 105, 89, 0, 0.14%, 0, 11, 3, 44.80, 55925, 91
1503, 1, 1, 105, 89, 0, 0.14%, 0, 11, 3, 40.54, 56135, 91
1508, 1, 1, 105, 89, 0, 0.14%, 0, 11, 3, 38.57, 56323, 91
1513, 1, 1, 106, 90, 0, 0.14%, 0, 11, 3, 39.96, 56532, 91
1518, 1, 1, 107, 91, 0, 0.14%, 0, 11, 3, 36.55, 56732, 91
1523, 1, 46, 107, 91, 0, 0.14%, 0, 11, 3, 38.18, 56943, 91
1528, 1, 18, 107, 91, 0, 0.14%, 0, 11, 3, 34.59, 57109, 91
1533, 1, 18, 107, 91, 0, 0.14%, 0, 11, 3, 35.61, 57285, 91
1538, 1, 33, 108, 92, 0, 0.14%, 0, 11, 4, 34.99, 57461, 91
1543, 1, 33, 109, 93, 0, 0.14%, 0, 11, 4, 40.03, 57665, 91
1548, 1, 33, 110, 94, 0, 0.14%, 0, 11, 4, 36.81, 57850, 91
1554, 1, 43, 110, 94, 0, 0.14%, 0, 11, 4, 39.30, 58051, 91
1559, 1, 0, 110, 94, 0, 0.14%, 0, 11, 4, 36.41, 58231, 91
1564, 1, 59, 110, 93, 0, 0.14%, 0, 11, 4, 36.16, 58418, 91
1569, 1, 8, 110, 92, 0, 0.14%, 0, 11, 4, 33.42, 58586, 91
1574, 1, 8, 110, 92, 0, 0.14%, 0, 11, 4, 33.26, 58754, 91
1579, 1, 2, 110, 91, 0, 0.14%, 0, 11, 4, 43.11, 58991, 91
1584, 1, 2, 110, 91, 0, 0.14%, 0, 11, 4, 44.47, 59232, 91
1589, 1, 2, 110, 91, 0, 0.14%, 0, 11, 4, 44.68, 59478, 91
1594, 1, 2, 110, 91, 0, 0.14%, 0, 11, 4, 38.37, 59664, 91
1600, 1, 2, 110, 91, 0, 0.14%, 0, 11, 4, 35.49, 59836, 91
1605, 1, 74, 110, 91, 0, 0.14%, 0, 11, 4, 47.67, 60087, 91
1610, 1, 74, 110, 91, 0, 0.14%, 0, 11, 4, 40.65, 60277, 91
1615, 1, 56, 110, 91, 0, 0.14%, 0, 11, 4, 34.68, 60459, 91
1620, 1, 2, 111, 91, 0, 0.14%, 0, 11, 4, 45.56, 60680, 91
1625, 1, 2, 111, 91, 0, 0.14%, 0, 11, 4, 46.57, 60932, 91
1630, 1, 2, 111, 91, 0, 0.14%, 0, 11, 4, 43.95, 61166, 91
1635, 1, 18, 111, 91, 0, 0.14%, 0, 11, 4, 35.70, 61347, 91
1640, 1, 31, 111, 91, 0, 0.14%, 0, 11, 4, 34.28, 61512, 91
1645, 1, 31, 111, 91, 0, 0.14%, 0, 11, 4, 36.53, 61703, 91
1650, 1, 73, 111, 91, 0, 0.14%, 0, 11, 4, 35.30, 61885, 91
1656, 1, 2, 111, 90, 0, 0.14%, 0, 11, 4, 50.69, 62136, 91
1661, 1, 2, 111, 90, 0, 0.14%, 0, 11, 4, 53.58, 62420, 91
1666, 1, 2, 111, 90, 0, 0.14%, 0, 11, 4, 42.48, 62608, 91
1671, 1, 1, 111, 90, 0, 0.14%, 0, 11, 4, 48.43, 62895, 91
1672, 1, 1, 111, 90, 0, 0.14%, 0, 11, 4, 44.00, 62950, 91
